187021
187032
188320
188501
188507
188652
188662
188820
190000
190005
190013
190020
190031
190068
190098
190103
190121
190195
190961
191002
191011
191014
191015
191023
191024
191025
191028
191036
191038
191040
191060
191086
191119
191123
191124
191144
191167
191180
191181
191186
191187
191311
191317
192007
192012
192019
192029
192071
192076
192102
192131
192148
192159
192171
192174
192177
192212
192236
192238
192239
192241
192242
192281
192282
192283
192284
192285
192286
192288
192289
192290
193079
193091
193149
193168
193230
193231
193232
193312
193313
193315
193318
193382
194017
194021
194044
194064
194100
194153
194156
194214
194223
194291
194292
194294
194295
194300
194352
194353
194354
194355
194356
194358
194361
194362
195009
195027
195030
195043
195067
195112
195160
195176
195196
195197
195199
195213
195220
195221
195248
195251
195252
195253
195256
195257
195265
195267
195269
195271
195273
195274
195275
195276
195277
195279
195297
195298
195299
195426
195427
196006
196066
196070
196084
196105
196128
196135
196140
196143
196158
196189
196191
196199
196210
196211
196233
196240
196244
196247
196601
196602
196603
196604
196605
196606
196607
196608
196609
196620
196621
196625
196626
196631
196632
196634
196641
196642
196643
196644
196645
196650
196651
196652
196653
196654
196655
196657
197022
197045
197046
197082
197101
197110
197136
197137
197183
197198
197227
197229
197341